113
4477
4520
4616
4872
4891
5020
5268
5923
6181
6965
7597
7730
7858
7874
7878
7966
8108
8137
8139
8143
8267
8276
8278
8282
8286
8294
8382
8401
8410
8416
8523
8637
8645
8647
8649
8660
8664
8686
8760
8774
8799
8807
8940
8942
8944
9037
9176
9218
9293
9307
9326
9328
9338
9347
9355
9377
9420
9450
9455
9460
9468
9476
9478
9483
9485
9487
9503
9522
9535
9566
9583
9591
9594
9596
9602
9619
9626
9633
9659
9679
9683
9698
9706
9736
9758
9779
9786
9797
9799
9809
9811
9813
9831
9838
9846
9854
9869
9870
9871
9897
9901
9944
10016 
